<?xml version="1.0"?>
<opencv_storage>
<intr type_id="opencv-matrix">
  <rows>3</rows>
  <cols>3</cols>
  <dt>d</dt>
  <data>
    1.4579208745878529e+03 0. 1.2334065084543060e+03 0.
    1.4572957433789040e+03 1.0360204675852510e+03 0. 0. 1.</data></intr>
</opencv_storage>
